65535 65535 63422 33808 10533 2145 6339 25356 57115 65535 65535 
65535 65535 29582 2081 25356 48599 33808 2113 12678 59196 65535 
65535 57051 0 23243 65535 65535 65535 40179 0 42292 65535 
65535 50744 0 35921 65535 65535 65535 65503 0 35921 65535 
65535 57083 2113 29582 63422 65535 65503 46518 32 40179 65535 
65535 65535 33840 6307 40147 59228 52825 12678 16904 61309 65535 
65535 65535 61341 16904 2113 4226 4194 4258 52857 65503 65535 
65535 63390 25324 8484 33840 50776 42260 14759 8484 50712 65535 
65535 33808 2113 54970 65535 65535 65535 61309 10597 16904 65503 
65535 19017 16936 65535 65535 65535 65535 65535 35921 0 57051 
65535 19049 12678 63454 65535 65535 65535 65535 31727 0 54970 
65535 29614 0 44405 61309 61341 61309 54970 8452 8484 65535 
65535 61309 10565 2145 25356 31695 27501 10565 6307 48631 65535 
65535 65535 61309 31695 16872 8452 8452 27469 52825 65535 65535 
