65535 65535 19017 0 2113 2113 2113 2113 19049 65535 
65535 65535 19017 8484 38034 38034 38034 38034 44405 65535 
65535 65535 16936 19017 65535 65535 65535 65535 65535 65535 
65535 65535 4226 27469 65535 65535 65535 65535 65535 65535 
65535 65535 0 31727 61277 61277 61341 63422 65535 65535 
65535 65535 2145 2145 2145 2145 16936 40147 63390 65535 
65535 65535 38034 38034 38034 38034 12710 2081 29582 65503 
65535 65535 65535 65535 65535 65535 61309 21162 0 54970 
65535 65535 65535 65535 65535 65535 65535 50712 0 38066 
65535 65535 65535 65535 65535 65535 65535 50712 0 35953 
65535 65535 65535 65535 65535 65535 65535 42292 0 44405 
65535 61341 61309 61341 61341 61341 54970 12646 8452 61309 
65535 35985 21162 31695 31695 31695 10565 6307 46486 65535 
65535 52825 19049 8452 8452 12646 27469 52825 65535 65535 
