65535 65535 65535 65535 65535 65535 65503 25356 0 50712 65535 65535 
65535 65535 65535 65535 65535 65535 50744 0 0 50712 65535 65535 
65535 65535 65535 65535 65535 63422 16936 10597 0 50712 65535 65535 
65535 65535 65535 65535 65503 35953 6371 46518 0 50712 65535 65535 
65535 65535 65535 65535 50712 6307 40211 50712 0 50712 65535 65535 
65535 65535 65535 57115 12710 25356 65535 50712 0 50712 65535 65535 
65535 65535 63422 25356 12678 61309 65535 50712 0 50712 65535 65535 
65535 63422 31727 4226 54938 65535 65535 50712 0 50712 65535 65535 
65535 38066 0 38066 59196 59196 59196 44405 0 44405 59196 63454 
65535 4194 4194 4194 4194 4194 4194 2145 0 2145 4194 50744 
65535 38066 38066 38066 38066 38066 38066 29582 0 29582 38066 57115 
65535 65535 65535 65535 65535 65535 65535 50712 0 50712 65535 65535 
65535 65535 65535 65535 65535 65535 65535 50712 0 50712 65535 65535 
65535 65535 65535 65535 65535 65535 65535 52825 8452 52825 65535 65535 
