65535 35953 2113 2113 2113 2113 2113 2113 0 0 35953 
65535 50744 38034 38034 38034 38034 38034 35953 8452 6339 61309 
65535 65535 65535 65535 65535 65535 65535 54970 0 35985 65535 
65535 65535 65535 65535 65535 65535 65503 25356 10597 61309 65535 
65535 65535 65535 65535 65535 65535 54938 0 44373 65535 65535 
65535 65535 65535 65535 65535 65503 25356 6371 61309 65535 65535 
65535 65535 65535 65535 65535 54970 0 38034 65535 65535 65535 
65535 65535 65535 65535 65535 31727 2113 61309 65535 65535 65535 
65535 65535 65535 65535 63422 8452 29582 65535 65535 65535 65535 
65535 65535 65535 65535 44405 0 48631 65535 65535 65535 65535 
65535 65535 65535 65535 25356 6339 65535 65535 65535 65535 65535 
65535 65535 65535 63454 4226 23275 65535 65535 65535 65535 65535 
65535 65535 65535 52825 0 40179 65535 65535 65535 65535 65535 
65535 65535 65535 46486 8452 52825 65535 65535 65535 65535 65535 
