65535 65535 65535 65503 57083 25388 6339 2145 2113 21162 65535 
65535 65535 65535 50744 4258 8452 33808 48599 38034 16904 65535 
65535 65535 63454 12678 16904 61309 65535 65535 65535 65535 65535 
65535 65535 40211 2081 57083 65535 65535 65535 65535 65535 65535 
65535 65535 16904 19049 63454 61309 61277 61277 63390 65535 65535 
65535 65503 0 33808 42324 10565 4226 6339 25356 57083 65535 
65535 57051 0 12678 8452 33840 48599 33840 4194 12678 59196 
65535 50712 0 6339 54938 65535 65535 65535 42260 0 35985 
65535 50776 0 27501 65535 65535 65535 65535 65535 0 19017 
65535 65535 32 33808 65535 65535 65535 65535 65535 0 19017 
65535 65535 12646 12678 63454 65535 65535 65535 63390 0 29582 
65535 65535 38066 2081 44405 61309 61341 61309 33840 2145 52825 
65535 65535 61309 19017 6371 27501 31695 25356 4226 31695 65535 
65535 65535 65535 61309 31695 12646 8452 16872 38066 65535 65535 
