65535 65535 29614 14791 2145 2113 12710 33808 63422 65535 
65535 65535 16904 38034 48599 40179 21162 32 29582 65535 
65535 65535 65535 65535 65535 65535 65535 14791 0 65535 
65535 65535 65535 65535 65535 65535 65535 33840 32 65535 
65535 65535 65535 65535 65535 65503 63422 16936 12678 65535 
65535 65535 63454 59228 59228 48631 29582 8452 54938 65535 
65535 65535 50744 4226 4194 2145 8484 46486 63422 65535 
65535 65535 61309 50776 44405 38066 19017 2113 38066 63454 
65535 65535 65535 65535 65535 65535 65535 29614 0 48631 
65535 65535 65535 65535 65535 65535 65535 57083 0 35921 
65535 65535 65535 65535 65535 65535 65535 52889 0 35953 
65535 63390 61309 61341 61341 61341 61277 23275 2145 52825 
65535 40179 25388 31695 31695 31695 19017 6307 31695 65535 
65535 52825 23275 8452 8452 8452 27469 48631 65535 65535 
