65535 65535 57083 25388 6339 2113 6339 25388 52857 65535 65535 
65535 65535 6339 12678 38034 44405 33808 8420 4226 59196 65535 
65535 65535 29614 61309 65535 65535 65535 50744 0 33840 65535 
65535 65535 65535 65535 65535 65535 65535 65535 0 19017 65535 
65535 65535 65535 65535 65535 65535 65535 63454 0 27501 65535 
65535 65535 65535 65535 65535 65535 65535 44373 32 44405 65535 
65535 65535 65535 65535 65535 65503 57051 8484 16936 65535 65535 
65535 65535 65535 65535 63422 48631 10565 16936 61309 65535 65535 
65535 65535 65535 61309 35921 4226 27437 61309 65535 65535 65535 
65535 65535 61341 25356 8484 44405 65535 65535 65535 65535 65535 
65535 65503 27501 8452 54970 65535 65535 65535 65535 65535 65535 
65535 54970 0 40211 61341 61341 61341 61341 61341 61341 65503 
65535 42292 0 23275 31695 31695 31695 31695 31695 31695 55002 
65535 38066 8452 8452 8452 8452 8452 8452 8452 8452 52825 
