65535 63422 33808 10565 2113 6339 29582 57115 65535 
65503 25356 2113 33808 44405 29582 2113 16904 65503 
48631 0 40179 65535 65535 65535 35985 0 48631 
25388 6307 65535 65535 65535 65535 61309 32 25388 
8452 19049 65535 65535 65535 65535 65535 12710 12678 
0 35921 65535 65535 65535 65535 65535 19017 0 
0 35921 65535 65535 65535 65535 65535 19017 0 
0 35921 65535 65535 65535 65535 65535 19017 0 
0 33840 65535 65535 65535 65535 65535 16936 2113 
2113 21130 65535 65535 65535 65535 65535 12678 19049 
25324 4226 63390 65535 65535 65535 57115 0 33840 
46486 2081 33840 61309 61341 61309 31695 4226 57115 
65535 19017 2145 27501 31695 25356 4258 38066 65535 
65535 61309 31695 12646 8452 16872 46486 65535 65535 
